	healthy	nbl
0	0.09881352525089843	0.9081635355616738
1	0.08803552215766593	0.9256156869628964
2	0.9283233327655774	0.44495560635116815
3	0.2355234299841433	0.8869986223543393
4	0.8955650334007597	0.09428244085892919
5	0.0965705899966363	0.9699752484226785
6	0.13757062703857975	0.906187279642613
7	0.10590105624618106	0.7288765283840508
8	0.3094166549034409	0.9415479330004712
9	0.20387787266360777	0.9700817200518367
10	0.4448539913492109	0.9795888772337008
11	0.04401349279577393	0.5747712340676244
12	0.002253943293807563	0.8802056386546653
13	0.1183838569726337	0.9630966106564531
14	0.10707412359021466	0.9115912638819369
15	0.059972303501002196	0.9667986234773405
16	0.07872988843843506	0.9519885244782113
17	0.20063296768669014	0.959933678096992
18	0.05626959381291483	0.9740354593324118
19	0.03930795256122213	0.7949592398287811
20	0.0286710536778338	0.9165553823176894
21	0.06732381335263529	0.9062394156092691
22	0.08669159919635473	0.929332705311204
23	0.14516897490046338	0.9852310881602601
24	0.1150425145150782	0.9117396433060513
25	0.003728098201890304	0.9317178424036114
26	0.034271310968483334	0.8884250274126371
27	0.08898272640147202	0.9730280977425817
28	0.0020038173590477856	0.8872540714328094
29	0.23759611845616274	0.9236418465359187
30	0.3547283781359222	0.9439176298926978
31	0.06591792328952063	0.9759801316486756
32	0.19000030916404578	0.969399004541309
33	0.10259337627345778	0.9472577334704954
34	0.004084574219388717	0.8784532647199347
35	0.04323892894113877	0.9266904493935335
36	0.18087403932844834	0.9763193791295832
37	0.09179496104458432	0.9816827622090419
38	0.22845826784780396	0.9758015266713419
39	0.1866877774327757	0.9516115121398886
40	0.08713130874951189	0.9149849974557517
41	0.047844179653527726	0.9007395714497
42	0.008668763691388906	0.08350308488467961
43	0.6243750058867392	0.9733028114301299
44	0.171034023001597	0.011468899550876977
45	0.961359065911735	0.07819282162895438
46	0.7452720508872196	0.9461926942992737
47	0.1248963622311323	0.9416399357863073
48	0.38460629567222876	0.980313295502159
49	0.1813414708986761	0.9796718162120273
50	0.11900825829834046	0.9707154410910271
51	0.07376542608407419	0.9240940722224111
52	0.0058651492859420834	0.7792820263317837
53	0.7133906313430789	0.9535177937478607
54	0.004305149864462612	0.8673635698750937
55	0.010396024525447474	0.9219173647505784
56	0.9238220706879848	0.018938912929641515
57	0.1964963516844845	0.9805333081637883
58	0.4896392970511145	0.9636437223889679
59	0.04150285766648015	0.9418473118175456
60	0.06004176205980874	0.9596935890859245
61	0.7319438267242956	0.027229260334145668
62	0.9519804194209504	0.06133284185535532
63	0.892822001077374	0.07996103519738168
64	0.0017068676821611996	0.16202833362463379
65	0.005226828278446336	0.9516549983699553
66	0.035244624127492304	0.901524636216994
67	0.17664534505604815	0.9026220115381928
68	0.03779953926448683	0.8473416213369946
69	0.37971322255389095	0.959864874018743
70	0.1849651627301573	0.9613961366601396
71	0.07372829532140164	0.9345719001761269
72	0.016540110906187473	0.8743810936892191
73	0.9556673687065675	0.645556339305562
74	0.11419003470782126	0.8812439581742002
75	0.012363022511668757	0.4173449766271319
76	0.9147404086017693	0.1284587160125458
77	0.0038106657650649406	0.8572767515185944
78	0.7895253151167803	0.019798766001308296
79	0.919555247657961	0.08393771418767765
80	0.2607480913469325	0.9269089784276648
81	0.20640441905488335	0.9540564709333302
82	0.024632476082590688	0.9664380933447303
83	0.24859816839037555	0.899568973556342
84	0.9313268837809131	0.048346263460453925
85	0.002657579691079795	0.876304321097875
86	0.9248829492045075	0.10898108892684344
87	0.48747664602328455	0.010612317533214888
88	0.8594596875573624	0.10331297938328803
89	0.7630932969659313	0.03824170362657179
90	0.8647193859334461	0.12853073262213693
91	0.04121278634476447	0.8709899166873298
92	0.01762019329993806	0.8873543635750026
93	0.1791117384362604	0.9565806789006969
94	0.4154850316110133	0.9709925392252493
95	0.8626117244040868	0.9798222935404669
96	0.43399184103659044	0.01619991256093047
97	0.6181007918415428	0.9616476308289073
98	0.14524336383388273	0.9618777359392129
99	0.05657991823285714	0.963376258091766
100	0.9217744993832048	0.051982277234549686
101	0.09652288648540483	0.9001560290005568
102	0.11578443287027203	0.8481132194346652
103	0.1003079877652274	0.8223333289727924
104	0.14010801315604243	0.930778378567784
105	0.003084063876418482	0.9481514107127664
106	0.8473381907688076	0.08607228756924805
107	0.5930138937120788	0.04023890402563437
108	0.09824723053080761	0.9671757660414918
109	0.047025488582840565	0.9588415749574344
110	0.402204340217516	0.9663447670871561
111	0.04451757984259585	0.6168867279072586
112	0.12033337560999945	0.9824685590778681
113	0.07604978506755844	0.867767155577077
114	0.30044494585468007	0.8945063119288242
115	0.9301375021676128	0.10704447442469595
116	0.4436203031089487	0.9793046548086611
117	0.3972335383967195	0.9512446129997848
118	0.10160288843172627	0.9535427819354787
119	0.9400860490982919	0.42624824252255517
120	0.022695851981349952	0.9406605267053307
121	0.0830872239100431	0.9809655819070963
122	0.09217162244111812	0.9709441022860787
123	0.7671041931929892	0.023345437393277893
124	0.9139885379504777	0.026769150557439714
125	0.011036786301884571	0.8655563661314337
126	0.008148764846512554	0.8910553380985212
127	0.8063993184691777	0.10954863748459984
128	0.07736110760826587	0.5048343365707606
129	0.016674295761579194	0.9497549255132641
130	0.09170761872472583	0.9519458882680002
131	0.23789676960393333	0.9791308040349606
132	0.1663885170173546	0.9801155881183217
133	0.3071645111821438	0.9771616951842138
134	0.1991032426579378	0.9753658562604652
135	0.8616853019879933	0.014096951503837496
136	0.9563806975339537	0.08463829495160809
137	0.2268569459084534	0.9714981117849233
138	0.5531052753207641	0.9469848739690634
139	0.16436790861372538	0.9717368363397785
140	0.5372583343144391	0.9729389322709381
141	0.06473749358663292	0.9648620563949204
142	0.12453445764713322	0.978941472935321
143	0.878144176320272	0.06623823575075806
144	0.5539304143273905	0.9726179328466825
145	0.3596676559731661	0.9802726529649601
146	0.3814366881484605	0.9794440261501927
147	0.9356380649300834	0.02772428119465862
148	0.07708858295118685	0.9060309806807542
149	0.14106521594272273	0.9587782007712478
150	0.31295521679625776	0.961948249206272
151	0.31438948503737074	0.9609002549500404
152	0.5831485534393354	0.02654721263350913
153	0.1742001100965296	0.9081540353811692
154	0.0025198707398041385	0.16106183622228065
155	0.00902952633398464	0.060872967735907765
156	0.07125786009975132	0.884385592827801
157	0.19107938829746035	0.9497230003936639
158	0.183185292216219	0.9562942251454131
159	0.033737317363830496	0.35773940523413766
160	0.11260870793213544	0.9273706282424349
161	0.06423732967703255	0.9789581582725935
162	0.3425683530581112	0.9646848680532429
163	0.43754347701458135	0.9663323764269759
164	0.7594865256187062	0.9804312284617286
165	0.15831492496683006	0.8879964945550098
166	0.12602088989902224	0.8630703303386364
167	0.1917290404127434	0.9610980723056861
168	0.08743851600841195	0.9423208188665328
169	0.1548743866656971	0.9914734696669496
170	0.723573329912776	0.03184815258121154
171	0.8553092020245049	0.5567089144450426
172	0.4143781580681867	0.02408165840067179
173	0.9457417285020627	0.34139476402205315
174	0.1910319873567272	0.9500267199428932
175	0.33756151228546377	0.9837986158591894
176	0.32833792759515873	0.9816548796621829
177	0.07663693081881319	0.964142569580603
178	0.03466812930599955	0.9337852961465217
179	0.0020005503301286417	0.8808145331975458
180	0.09909661020986894	0.9512359733768021
181	0.7126866113621431	0.12140076876438337
182	0.2891776636467815	0.9746948887298532
183	0.003594907096609803	0.8880969288787627
184	0.9162350286914615	0.07715156190133711
185	0.04445283962243628	0.9515642668686877
186	0.1914259580144515	0.9292021075637277
187	0.09045343539002104	0.8880496163279515
188	0.07402102009345063	0.9397254496581742
189	0.08799451755895135	0.907057371175193
190	0.892203264449923	0.09264987383011887
191	0.7318925250273716	0.9746530962572197
192	0.23441971856503685	0.9816868137937745
193	0.015709685185013228	0.8410860728569571
194	0.003441112392794339	0.7149669143787243
195	0.26310965188752783	0.9661994073775817
196	0.2314739589185962	0.9788070165681422
197	0.15056255031143306	0.9669478373565236
198	0.1604480634039037	0.9622316222827735
199	0.08483841572651267	0.9607567319350332
200	0.09459692977635491	0.9235055446745356
201	0.08151609661031226	0.9598672315045683
202	0.09745624716341228	0.9504283791218764
203	0.08315750634675537	0.9084503609671122
204	0.004909018135998215	0.8305525555313259
205	0.020173329835485584	0.8671426006551588
206	0.005507142476697521	0.9495798665587023
207	0.55101560176432	0.975550611703178
208	0.059908079506720405	0.9770830013951921
209	0.14212286472804647	0.9851177577368819
210	0.027933492514185275	0.8213809452530006
211	0.004025474692627781	0.940373987484672
212	0.9279353464136743	0.07664975262656887
213	0.008162051558125	0.8412757519274164
214	0.0051448369712844754	0.9303570292956588
215	0.0031935700366066667	0.1192853811107665
216	0.05113432409607851	0.9180120903310796
217	0.6940482182613631	0.9683674229496426
218	0.10854455673550746	0.9249471949156918
219	0.7708225597548204	0.9512032934462665
220	0.2795240506925029	0.9718850870183756
221	0.22430897880654593	0.8751885712623831
222	0.8996767668067586	0.03726315468433941
223	0.6585110771517021	0.9722983997332604
224	0.13325876345478255	0.9664412126236028
225	0.011146880658700618	0.9168268175604661
226	0.02129379421738605	0.9791226298464539
227	0.15244831927516758	0.9560161486661084
228	0.13867050049945961	0.9309371092975299
229	0.15264597308646863	0.8831013800306812
230	0.26075401899251927	0.974002709628679
231	0.3345649634984134	0.9158993718481621
232	0.003736368793099662	0.9209935479895743
233	0.9339360616520072	0.0920341135073136
234	0.9717754429666263	0.36094406730535944
235	0.2274242934719281	0.9761557861792773
236	0.38884373067425865	0.9838263313546618
237	0.48469026112211244	0.9549045592182026
238	0.026319612119880386	0.9742752486837359
239	0.0314575710946854	0.89065295263423
240	0.9284691617858942	0.12191215933171887
241	0.16034653752942746	0.9731055910393324
242	0.07479157409615617	0.9773923982336905
243	0.0616580531287234	0.9742483301329736
244	0.12526964570914892	0.9692754587939241
245	0.17136103361619984	0.9750504443222278
246	0.27306273152669835	0.9737255604835929
247	0.765244226052622	0.03358136211154983
248	0.002665577633035845	0.7728484703304317
249	0.014110540837232132	0.812010659962467
250	0.2227091148016388	0.9388372230666895
251	0.5449650008131753	0.9557971278675722
252	0.006169751806443501	0.11895073962310977
253	0.050041449719018215	0.8864695377542273
254	0.1990101408886732	0.9372507675201562
255	0.3104752123084469	0.9486529264135732
256	0.11545491716449967	0.9916574396562916
257	0.01558315432376031	0.8995902594908679
258	0.7689870019572229	0.9682103674672631
259	0.7481602340307373	0.9671529400080024
260	0.33670115842687115	0.9816603980600004
261	0.2732352484248655	0.9920911612473963
262	0.03627383773819783	0.8981913367110251
263	0.4639801047874867	0.9758744683928176
264	0.21289394478473672	0.9536696203173054
265	0.0928852258794424	0.9745130091513122
266	0.134067514827519	0.9799270987075054
267	0.16096781398230567	0.9579246239485593
268	0.11646264983296742	0.9439183814558291
269	0.027013357981605243	0.8668440340630363
270	0.4564295846088989	0.9764477924524362
271	0.09232831547308716	0.9189767602957604
272	0.04420758772099076	0.8667008414478611
273	0.6975646291918434	0.9250702685444206
274	0.013875245905570483	0.828686621581578
275	0.27501752085916953	0.9681217633998668
276	0.8693965904047876	0.03998103400400346
277	0.09930178230261165	0.86596128732179
278	0.0945994188114188	0.9588811209269728
279	0.0581239846494118	0.9493876485180551
280	0.22660952808891546	0.9584727684216169
281	0.1807980370357721	0.923608480858033
282	0.3824340151888364	0.9071685799990036
283	0.2762255804995106	0.9608097359633425
284	0.13089006924362637	0.9720298167169065
285	0.6326655557102094	0.9476920533713165
286	0.11603970822366948	0.9709268517624138
287	0.11154934066933231	0.9462474048148186
288	0.6157555861569098	0.08292195303059607
289	0.8817406487133572	0.030402464285780518
290	0.05085193545315248	0.965004291765937
291	0.002088282252472076	0.8584478036668133
292	0.06111907463932002	0.8434216592634634
293	0.1687398582448682	0.9786921400088138
294	0.11497915498322141	0.9400272215573324
295	0.029259700652627132	0.9398139280656396
296	0.0698596829341184	0.9358592874816102
297	0.9407380262154104	0.09948165514727574
298	0.16353153218411515	0.9708092311046168
299	0.08283539531199655	0.9746264895800861
300	0.02578042539992849	0.90706666328929
301	0.08140490317375036	0.967257537801128
302	0.07609556845387654	0.9355835793897304
303	0.09512014342017068	0.9657033666601454
304	0.001413550464082155	0.12237975547750084
305	0.023752507330117304	0.7325004022055333
306	0.011945509082364912	0.9216470559550207
307	0.33043139900227964	0.976084831098676
308	0.02568510193981639	0.9354474824859135
309	0.027126310277089918	0.9676766159554853
310	0.8929193608584423	0.028930204696948004
311	0.05899594593372358	0.8371966348150054
312	0.16601649189985687	0.919816529095789
313	0.0572078392263811	0.5280601515907397
314	0.002900654233651714	0.9523146397469355
315	0.0028635550153712696	0.9260199108189512
316	0.13550866462729164	0.9656961557948566
317	0.22501395324626014	0.9770695719959279
318	0.03029276019333616	0.8563198945480974
319	0.2891437232665277	0.9246179425310939
320	0.9768613212247458	0.14692373589545601
321	0.9690214558871313	0.5377511481777816
322	0.3830521686158176	0.962122925564647
323	0.06263886012216845	0.9489419242665765
324	0.9326854885324207	0.06467005948230628
325	0.25629391296309634	0.9661096597454235
326	0.3164542151970915	0.949378787916578
327	0.2370322131533802	0.9717102910988203
328	0.12510019878834985	0.9725896272682197
329	0.23805945516689297	0.9513248502421322
330	0.896947488749014	0.05674390620311545
331	0.2548774422880023	0.9630949279995095
